

test contents of disk
raw_data_line_cnt2027
disk_line_counter2027
char count16216
total line cnt2118
pid cpu_id  pc  code_sz  pri  status ibuf_sz obuf_sz tbuf_sz codeD_adr dataD_adr p_sz codeR_adr in_bufR_adr out_bufR_adr tmp_bufR_adr

0 0 0 0 0 0 0 0 0 0 0        0   0 0 0 0 0 0 

1 0 0 23 2 3 20 12 12 0 23        67   0 0 0 0 0 0 

2 0 0 28 4 3 20 12 12 67 95        72   0 0 0 0 0 0 

3 0 0 24 6 3 20 12 12 139 163        68   0 0 0 0 0 0 

4 0 0 19 5 3 20 12 12 207 226        63   0 0 0 0 0 0 

5 0 0 28 3 3 20 12 12 270 298        72   0 0 0 0 0 0 

6 0 0 24 7 3 20 12 12 342 366        68   0 0 0 0 0 0 

7 0 0 19 5 3 20 12 12 410 429        63   0 0 0 0 0 0 

8 0 0 19 16 3 20 12 12 473 492        63   0 0 0 0 0 0 

9 0 0 24 2 3 20 12 12 536 560        68   0 0 0 0 0 0 

10 0 0 28 10 3 20 12 12 604 632        72   0 0 0 0 0 0 

11 0 0 23 3 3 20 12 12 676 699        67   0 0 0 0 0 0 

12 0 0 28 9 3 20 12 12 743 771        72   0 0 0 0 0 0 

13 0 0 24 12 3 20 12 12 815 839        68   0 0 0 0 0 0 

14 0 0 19 2 3 20 12 12 883 902        63   0 0 0 0 0 0 

15 0 0 24 5 3 20 12 12 946 970        68   0 0 0 0 0 0 

16 0 0 19 8 3 20 12 12 1014 1033        63   0 0 0 0 0 0 

17 0 0 28 4 3 20 12 12 1077 1105        72   0 0 0 0 0 0 

18 0 0 24 12 3 20 12 12 1149 1173        68   0 0 0 0 0 0 

19 0 0 28 1 3 20 12 12 1217 1245        72   0 0 0 0 0 0 

20 0 0 24 2 3 20 12 12 1289 1313        68   0 0 0 0 0 0 

21 0 0 19 4 3 20 12 12 1357 1376        63   0 0 0 0 0 0 

22 0 0 28 10 3 20 12 12 1420 1448        72   0 0 0 0 0 0 

23 0 0 23 5 3 20 12 12 1492 1515        67   0 0 0 0 0 0 

24 0 0 24 7 3 20 12 12 1559 1583        68   0 0 0 0 0 0 

25 0 0 23 9 3 20 12 12 1627 1650        67   0 0 0 0 0 0 

26 0 0 19 4 3 20 12 12 1694 1713        63   0 0 0 0 0 0 

27 0 0 23 9 3 20 12 12 1757 1780        67   0 0 0 0 0 0 

28 0 0 28 3 3 20 12 12 1824 1852        72   0 0 0 0 0 0 

29 0 0 24 1 3 20 12 12 1896 1920        68   0 0 0 0 0 0 

30 0 0 19 8 3 20 12 12 1964 1983        63   0 0 0 0 0 0 
after running lt_sched.schedInit
pid cpu_id  pc  code_sz  pri  status ibuf_sz obuf_sz tbuf_sz codeD_adr dataD_adr p_sz codeR_adr in_bufR_adr out_bufR_adr tmp_bufR_adr

0 0 0 0 0 0 0 0 0 0 0        0   0 0 0 0 0 0 

1 0 0 23 2 3 20 12 12 0 23        67   0 0 0 0 0 0 

2 0 0 28 4 3 20 12 12 67 95        72   0 0 0 0 0 0 

3 0 0 24 6 3 20 12 12 139 163        68   0 0 0 0 0 0 

4 0 0 19 5 3 20 12 12 207 226        63   0 0 0 0 0 0 

5 0 0 28 3 3 20 12 12 270 298        72   0 0 0 0 0 0 

6 0 0 24 7 3 20 12 12 342 366        68   0 0 0 0 0 0 

7 0 0 19 5 3 20 12 12 410 429        63   0 0 0 0 0 0 

8 0 0 19 16 3 20 12 12 473 492        63   0 0 0 0 0 0 

9 0 0 24 2 3 20 12 12 536 560        68   0 0 0 0 0 0 

10 0 0 28 10 3 20 12 12 604 632        72   0 0 0 0 0 0 

11 0 0 23 3 3 20 12 12 676 699        67   0 0 0 0 0 0 

12 0 0 28 9 3 20 12 12 743 771        72   0 0 0 0 0 0 

13 0 0 24 12 3 20 12 12 815 839        68   0 0 0 0 0 0 

14 0 0 19 2 3 20 12 12 883 902        63   0 0 0 0 0 0 

15 0 0 24 5 3 20 12 12 946 970        68   0 0 0 0 0 0 

16 0 0 19 8 3 20 12 12 1014 1033        63   0 0 0 0 0 0 

17 0 0 28 4 3 20 12 12 1077 1105        72   0 0 0 0 0 0 

18 0 0 24 12 3 20 12 12 1149 1173        68   0 0 0 0 0 0 

19 0 0 28 1 3 20 12 12 1217 1245        72   0 0 0 0 0 0 

20 0 0 24 2 3 20 12 12 1289 1313        68   0 0 0 0 0 0 

21 0 0 19 4 3 20 12 12 1357 1376        63   0 0 0 0 0 0 

22 0 0 28 10 3 20 12 12 1420 1448        72   0 0 0 0 0 0 

23 0 0 23 5 3 20 12 12 1492 1515        67   0 0 0 0 0 0 

24 0 0 24 7 3 20 12 12 1559 1583        68   0 0 0 0 0 0 

25 0 0 23 9 3 20 12 12 1627 1650        67   0 0 0 0 0 0 

26 0 0 19 4 3 20 12 12 1694 1713        63   0 0 0 0 0 0 

27 0 0 23 9 3 20 12 12 1757 1780        67   0 0 0 0 0 0 

28 0 0 28 3 3 20 12 12 1824 1852        72   0 0 0 0 0 0 

29 0 0 24 1 3 20 12 12 1896 1920        68   0 0 0 0 0 0 

30 0 0 19 8 3 20 12 12 1964 1983        63   0 0 0 0 0 0 
after running lt_sched.loadJobs first time
pid cpu_id  pc  code_sz  pri  status ibuf_sz obuf_sz tbuf_sz codeD_adr dataD_adr p_sz codeR_adr in_bufR_adr out_bufR_adr tmp_bufR_adr

0 0 0 0 0 0 0 0 0 0 0        0   0 0 0 0 0 0 

1 0 0 23 2 1 20 12 12 0 23        67   0 23 43 55 0 0 

2 0 0 28 4 1 20 12 12 67 95        72   67 95 115 127 0 0 

3 0 0 24 6 1 20 12 12 139 163        68   139 163 183 195 0 0 

4 0 0 19 5 1 20 12 12 207 226        63   207 226 246 258 0 0 

5 0 0 28 3 1 20 12 12 270 298        72   270 298 318 330 0 0 

6 0 0 24 7 1 20 12 12 342 366        68   342 366 386 398 0 0 

7 0 0 19 5 1 20 12 12 410 429        63   410 429 449 461 0 0 

8 0 0 19 16 1 20 12 12 473 492        63   473 492 512 524 0 0 

9 0 0 24 2 1 20 12 12 536 560        68   536 560 580 592 0 0 

10 0 0 28 10 1 20 12 12 604 632        72   604 632 652 664 0 0 

11 0 0 23 3 1 20 12 12 676 699        67   676 699 719 731 0 0 

12 0 0 28 9 1 20 12 12 743 771        72   743 771 791 803 0 0 

13 0 0 24 12 1 20 12 12 815 839        68   815 839 859 871 0 0 

14 0 0 19 2 1 20 12 12 883 902        63   883 902 922 934 0 0 

15 0 0 24 5 1 20 12 12 946 970        68   946 970 990 1002 0 0 

16 0 0 19 8 3 20 12 12 1014 1033        63   0 0 0 0 0 0 

17 0 0 28 4 3 20 12 12 1077 1105        72   0 0 0 0 0 0 

18 0 0 24 12 3 20 12 12 1149 1173        68   0 0 0 0 0 0 

19 0 0 28 1 3 20 12 12 1217 1245        72   0 0 0 0 0 0 

20 0 0 24 2 3 20 12 12 1289 1313        68   0 0 0 0 0 0 

21 0 0 19 4 3 20 12 12 1357 1376        63   0 0 0 0 0 0 

22 0 0 28 10 3 20 12 12 1420 1448        72   0 0 0 0 0 0 

23 0 0 23 5 3 20 12 12 1492 1515        67   0 0 0 0 0 0 

24 0 0 24 7 3 20 12 12 1559 1583        68   0 0 0 0 0 0 

25 0 0 23 9 3 20 12 12 1627 1650        67   0 0 0 0 0 0 

26 0 0 19 4 3 20 12 12 1694 1713        63   0 0 0 0 0 0 

27 0 0 23 9 3 20 12 12 1757 1780        67   0 0 0 0 0 0 

28 0 0 28 3 3 20 12 12 1824 1852        72   0 0 0 0 0 0 

29 0 0 24 1 3 20 12 12 1896 1920        68   0 0 0 0 0 0 

30 0 0 19 8 3 20 12 12 1964 1983        63   0 0 0 0 0 0 
pid cpu_id  pc  code_sz  pri  status ibuf_sz obuf_sz tbuf_sz codeD_adr dataD_adr p_sz codeR_adr in_bufR_adr out_bufR_adr tmp_bufR_adr

0 0 0 0 0 0 0 0 0 0 0        0   0 0 0 0 0 0 

1 0 23 23 2 4 20 12 12 0 23        67   0 23 43 55 0 140 

2 0 28 28 4 4 20 12 12 67 95        72   67 95 115 127 140 149 

3 0 24 24 6 4 20 12 12 139 163        68   139 163 183 195 289 141 

4 0 19 19 5 4 20 12 12 207 226        63   207 226 246 258 430 91 

5 0 28 28 3 4 20 12 12 270 298        72   270 298 318 330 521 149 

6 0 24 24 7 4 20 12 12 342 366        68   342 366 386 398 670 141 

7 0 19 19 5 4 20 12 12 410 429        63   410 429 449 461 811 91 

8 0 19 19 16 4 20 12 12 473 492        63   473 492 512 524 902 91 

9 0 24 24 2 4 20 12 12 536 560        68   536 560 580 592 993 141 

10 0 28 28 10 4 20 12 12 604 632        72   604 632 652 664 1134 149 

11 0 23 23 3 4 20 12 12 676 699        67   676 699 719 731 1283 140 

12 0 28 28 9 4 20 12 12 743 771        72   743 771 791 803 1423 149 

13 0 24 24 12 4 20 12 12 815 839        68   815 839 859 871 1572 141 

14 0 19 19 2 4 20 12 12 883 902        63   883 902 922 934 1713 75 

15 0 24 24 5 4 20 12 12 946 970        68   946 970 990 1002 1788 128 

16 0 0 19 8 3 20 12 12 1014 1033        63   0 0 0 0 0 0 

17 0 0 28 4 3 20 12 12 1077 1105        72   0 0 0 0 0 0 

18 0 0 24 12 3 20 12 12 1149 1173        68   0 0 0 0 0 0 

19 0 0 28 1 3 20 12 12 1217 1245        72   0 0 0 0 0 0 

20 0 0 24 2 3 20 12 12 1289 1313        68   0 0 0 0 0 0 

21 0 0 19 4 3 20 12 12 1357 1376        63   0 0 0 0 0 0 

22 0 0 28 10 3 20 12 12 1420 1448        72   0 0 0 0 0 0 

23 0 0 23 5 3 20 12 12 1492 1515        67   0 0 0 0 0 0 

24 0 0 24 7 3 20 12 12 1559 1583        68   0 0 0 0 0 0 

25 0 0 23 9 3 20 12 12 1627 1650        67   0 0 0 0 0 0 

26 0 0 19 4 3 20 12 12 1694 1713        63   0 0 0 0 0 0 

27 0 0 23 9 3 20 12 12 1757 1780        67   0 0 0 0 0 0 

28 0 0 28 3 3 20 12 12 1824 1852        72   0 0 0 0 0 0 

29 0 0 24 1 3 20 12 12 1896 1920        68   0 0 0 0 0 0 

30 0 0 19 8 3 20 12 12 1964 1983        63   0 0 0 0 0 0 
after running lt_sched.saveToDisk first time
pid cpu_id  pc  code_sz  pri  status ibuf_sz obuf_sz tbuf_sz codeD_adr dataD_adr p_sz codeR_adr in_bufR_adr out_bufR_adr tmp_bufR_adr

0 0 0 0 0 0 0 0 0 0 0        0   0 0 0 0 0 0 

1 0 23 23 2 5 20 12 12 0 23        67   0 23 43 55 0 140 

2 0 28 28 4 5 20 12 12 67 95        72   67 95 115 127 140 149 

3 0 24 24 6 5 20 12 12 139 163        68   139 163 183 195 289 141 

4 0 19 19 5 5 20 12 12 207 226        63   207 226 246 258 430 91 

5 0 28 28 3 5 20 12 12 270 298        72   270 298 318 330 521 149 

6 0 24 24 7 5 20 12 12 342 366        68   342 366 386 398 670 141 

7 0 19 19 5 5 20 12 12 410 429        63   410 429 449 461 811 91 

8 0 19 19 16 5 20 12 12 473 492        63   473 492 512 524 902 91 

9 0 24 24 2 5 20 12 12 536 560        68   536 560 580 592 993 141 

10 0 28 28 10 5 20 12 12 604 632        72   604 632 652 664 1134 149 

11 0 23 23 3 5 20 12 12 676 699        67   676 699 719 731 1283 140 

12 0 28 28 9 5 20 12 12 743 771        72   743 771 791 803 1423 149 

13 0 24 24 12 5 20 12 12 815 839        68   815 839 859 871 1572 141 

14 0 19 19 2 5 20 12 12 883 902        63   883 902 922 934 1713 75 

15 0 24 24 5 5 20 12 12 946 970        68   946 970 990 1002 1788 128 

16 0 0 19 8 3 20 12 12 1014 1033        63   0 0 0 0 0 0 

17 0 0 28 4 3 20 12 12 1077 1105        72   0 0 0 0 0 0 

18 0 0 24 12 3 20 12 12 1149 1173        68   0 0 0 0 0 0 

19 0 0 28 1 3 20 12 12 1217 1245        72   0 0 0 0 0 0 

20 0 0 24 2 3 20 12 12 1289 1313        68   0 0 0 0 0 0 

21 0 0 19 4 3 20 12 12 1357 1376        63   0 0 0 0 0 0 

22 0 0 28 10 3 20 12 12 1420 1448        72   0 0 0 0 0 0 

23 0 0 23 5 3 20 12 12 1492 1515        67   0 0 0 0 0 0 

24 0 0 24 7 3 20 12 12 1559 1583        68   0 0 0 0 0 0 

25 0 0 23 9 3 20 12 12 1627 1650        67   0 0 0 0 0 0 

26 0 0 19 4 3 20 12 12 1694 1713        63   0 0 0 0 0 0 

27 0 0 23 9 3 20 12 12 1757 1780        67   0 0 0 0 0 0 

28 0 0 28 3 3 20 12 12 1824 1852        72   0 0 0 0 0 0 

29 0 0 24 1 3 20 12 12 1896 1920        68   0 0 0 0 0 0 

30 0 0 19 8 3 20 12 12 1964 1983        63   0 0 0 0 0 0 
after running lt_sched.loadJobs second time
pid cpu_id  pc  code_sz  pri  status ibuf_sz obuf_sz tbuf_sz codeD_adr dataD_adr p_sz codeR_adr in_bufR_adr out_bufR_adr tmp_bufR_adr

0 0 0 0 0 0 0 0 0 0 0        0   0 0 0 0 0 0 

1 0 23 23 2 5 20 12 12 0 23        67   0 23 43 55 0 140 

2 0 28 28 4 5 20 12 12 67 95        72   67 95 115 127 140 149 

3 0 24 24 6 5 20 12 12 139 163        68   139 163 183 195 289 141 

4 0 19 19 5 5 20 12 12 207 226        63   207 226 246 258 430 91 

5 0 28 28 3 5 20 12 12 270 298        72   270 298 318 330 521 149 

6 0 24 24 7 5 20 12 12 342 366        68   342 366 386 398 670 141 

7 0 19 19 5 5 20 12 12 410 429        63   410 429 449 461 811 91 

8 0 19 19 16 5 20 12 12 473 492        63   473 492 512 524 902 91 

9 0 24 24 2 5 20 12 12 536 560        68   536 560 580 592 993 141 

10 0 28 28 10 5 20 12 12 604 632        72   604 632 652 664 1134 149 

11 0 23 23 3 5 20 12 12 676 699        67   676 699 719 731 1283 140 

12 0 28 28 9 5 20 12 12 743 771        72   743 771 791 803 1423 149 

13 0 24 24 12 5 20 12 12 815 839        68   815 839 859 871 1572 141 

14 0 19 19 2 5 20 12 12 883 902        63   883 902 922 934 1713 75 

15 0 24 24 5 5 20 12 12 946 970        68   946 970 990 1002 1788 128 

16 0 0 19 8 1 20 12 12 1014 1033        63   0 19 39 51 0 0 

17 0 0 28 4 1 20 12 12 1077 1105        72   63 91 111 123 0 0 

18 0 0 24 12 1 20 12 12 1149 1173        68   135 159 179 191 0 0 

19 0 0 28 1 1 20 12 12 1217 1245        72   203 231 251 263 0 0 

20 0 0 24 2 1 20 12 12 1289 1313        68   275 299 319 331 0 0 

21 0 0 19 4 1 20 12 12 1357 1376        63   343 362 382 394 0 0 

22 0 0 28 10 1 20 12 12 1420 1448        72   406 434 454 466 0 0 

23 0 0 23 5 1 20 12 12 1492 1515        67   478 501 521 533 0 0 

24 0 0 24 7 1 20 12 12 1559 1583        68   545 569 589 601 0 0 

25 0 0 23 9 1 20 12 12 1627 1650        67   613 636 656 668 0 0 

26 0 0 19 4 1 20 12 12 1694 1713        63   680 699 719 731 0 0 

27 0 0 23 9 1 20 12 12 1757 1780        67   743 766 786 798 0 0 

28 0 0 28 3 1 20 12 12 1824 1852        72   810 838 858 870 0 0 

29 0 0 24 1 1 20 12 12 1896 1920        68   882 906 926 938 0 0 

30 0 0 19 8 1 20 12 12 1964 1983        63   950 969 989 1001 0 0 
after running st sched and cpu 2nd time
pid cpu_id  pc  code_sz  pri  status ibuf_sz obuf_sz tbuf_sz codeD_adr dataD_adr p_sz codeR_adr in_bufR_adr out_bufR_adr tmp_bufR_adr

0 0 0 0 0 0 0 0 0 0 0        0   0 0 0 0 0 0 

1 0 23 23 2 5 20 12 12 0 23        67   0 23 43 55 0 140 

2 0 28 28 4 5 20 12 12 67 95        72   67 95 115 127 140 149 

3 0 24 24 6 5 20 12 12 139 163        68   139 163 183 195 289 141 

4 0 19 19 5 5 20 12 12 207 226        63   207 226 246 258 430 91 

5 0 28 28 3 5 20 12 12 270 298        72   270 298 318 330 521 149 

6 0 24 24 7 5 20 12 12 342 366        68   342 366 386 398 670 141 

7 0 19 19 5 5 20 12 12 410 429        63   410 429 449 461 811 91 

8 0 19 19 16 5 20 12 12 473 492        63   473 492 512 524 902 91 

9 0 24 24 2 5 20 12 12 536 560        68   536 560 580 592 993 141 

10 0 28 28 10 5 20 12 12 604 632        72   604 632 652 664 1134 149 

11 0 23 23 3 5 20 12 12 676 699        67   676 699 719 731 1283 140 

12 0 28 28 9 5 20 12 12 743 771        72   743 771 791 803 1423 149 

13 0 24 24 12 5 20 12 12 815 839        68   815 839 859 871 1572 141 

14 0 19 19 2 5 20 12 12 883 902        63   883 902 922 934 1713 75 

15 0 24 24 5 5 20 12 12 946 970        68   946 970 990 1002 1788 128 

16 0 19 19 8 4 20 12 12 1014 1033        63   0 19 39 51 1916 35 

17 0 28 28 4 4 20 12 12 1077 1105        72   63 91 111 123 1951 149 

18 0 24 24 12 4 20 12 12 1149 1173        68   135 159 179 191 2100 141 

19 0 28 28 1 4 20 12 12 1217 1245        72   203 231 251 263 2241 120 

20 0 24 24 2 4 20 12 12 1289 1313        68   275 299 319 331 2361 141 

21 0 19 19 4 4 20 12 12 1357 1376        63   343 362 382 394 2502 99 

22 0 28 28 10 4 20 12 12 1420 1448        72   406 434 454 466 2601 149 

23 0 23 23 5 4 20 12 12 1492 1515        67   478 501 521 533 2750 127 

24 0 24 24 7 4 20 12 12 1559 1583        68   545 569 589 601 2877 141 

25 0 23 23 9 4 20 12 12 1627 1650        67   613 636 656 668 3018 75 

26 0 19 19 4 4 20 12 12 1694 1713        63   680 699 719 731 3093 59 

27 0 23 23 9 4 20 12 12 1757 1780        67   743 766 786 798 3152 140 

28 0 28 28 3 4 20 12 12 1824 1852        72   810 838 858 870 3292 149 

29 0 24 24 1 4 20 12 12 1896 1920        68   882 906 926 938 3441 141 

30 0 19 19 8 4 20 12 12 1964 1983        63   950 969 989 1001 3582 83 
after running lt_sched.saveToDisk second time
pid cpu_id  pc  code_sz  pri  status ibuf_sz obuf_sz tbuf_sz codeD_adr dataD_adr p_sz codeR_adr in_bufR_adr out_bufR_adr tmp_bufR_adr

0 0 0 0 0 0 0 0 0 0 0        0   0 0 0 0 0 0 

1 0 23 23 2 5 20 12 12 0 23        67   0 23 43 55 0 140 

2 0 28 28 4 5 20 12 12 67 95        72   67 95 115 127 140 149 

3 0 24 24 6 5 20 12 12 139 163        68   139 163 183 195 289 141 

4 0 19 19 5 5 20 12 12 207 226        63   207 226 246 258 430 91 

5 0 28 28 3 5 20 12 12 270 298        72   270 298 318 330 521 149 

6 0 24 24 7 5 20 12 12 342 366        68   342 366 386 398 670 141 

7 0 19 19 5 5 20 12 12 410 429        63   410 429 449 461 811 91 

8 0 19 19 16 5 20 12 12 473 492        63   473 492 512 524 902 91 

9 0 24 24 2 5 20 12 12 536 560        68   536 560 580 592 993 141 

10 0 28 28 10 5 20 12 12 604 632        72   604 632 652 664 1134 149 

11 0 23 23 3 5 20 12 12 676 699        67   676 699 719 731 1283 140 

12 0 28 28 9 5 20 12 12 743 771        72   743 771 791 803 1423 149 

13 0 24 24 12 5 20 12 12 815 839        68   815 839 859 871 1572 141 

14 0 19 19 2 5 20 12 12 883 902        63   883 902 922 934 1713 75 

15 0 24 24 5 5 20 12 12 946 970        68   946 970 990 1002 1788 128 

16 0 19 19 8 5 20 12 12 1014 1033        63   0 19 39 51 1916 35 

17 0 28 28 4 5 20 12 12 1077 1105        72   63 91 111 123 1951 149 

18 0 24 24 12 5 20 12 12 1149 1173        68   135 159 179 191 2100 141 

19 0 28 28 1 5 20 12 12 1217 1245        72   203 231 251 263 2241 120 

20 0 24 24 2 5 20 12 12 1289 1313        68   275 299 319 331 2361 141 

21 0 19 19 4 5 20 12 12 1357 1376        63   343 362 382 394 2502 99 

22 0 28 28 10 5 20 12 12 1420 1448        72   406 434 454 466 2601 149 

23 0 23 23 5 5 20 12 12 1492 1515        67   478 501 521 533 2750 127 

24 0 24 24 7 5 20 12 12 1559 1583        68   545 569 589 601 2877 141 

25 0 23 23 9 5 20 12 12 1627 1650        67   613 636 656 668 3018 75 

26 0 19 19 4 5 20 12 12 1694 1713        63   680 699 719 731 3093 59 

27 0 23 23 9 5 20 12 12 1757 1780        67   743 766 786 798 3152 140 

28 0 28 28 3 5 20 12 12 1824 1852        72   810 838 858 870 3292 149 

29 0 24 24 1 5 20 12 12 1896 1920        68   882 906 926 938 3441 141 

30 0 19 19 8 5 20 12 12 1964 1983        63   950 969 989 1001 3582 83 
